86770
83311
70892
52537
1423
75854
438
64783
61609
2649
208647
50531
227474
204458
2058
222079
57958
244585
224012
213614
279626
287110
84011
78009
112391
110076
291632
56370
269964
66631
292793
212742
11351
226999
111615
100949
262177
233580
274482
59966
78258
256616
113036
204396
61186
270118
233878
280310
84399
217136
282121
283856
245417
291316
109112
97838
292044
220844
208362
285164
101333
268891
63674
208537
213261
202598
83869
288208
106065
265182
220575
240066
64747
75716
200882
272513
104734
274325
227391
237529
267797
96421
66759
76201
88698
250369
290968
205097
112025
55862
79336
231548
278052
257378
34465
236374
10424
207562
206084
244729
285181
200904
81443
229154
78007
278219
57351
265105
234894
270421
94528
73818
70645
233962
223392
267110
281308
266902
258716
221164
68532
280205
56214
62810
233188
268234
215019
285095
57602
217303
268155
292970
288450
57476
3354
2064
246926
254676
279803
258310
88538
294814
233708
207502
77560
57324
266969
256052
62634
204334
38218
238071
284757
272499
272273
272837
269014
276674
282273
58040
266994
249334
109091
287872
292712
85201
243151
261692
293902
219849
85713
109556
292432
82329
223336
255941
266367
260536
234307
52757
93212
211750
256816
292210
263152
282331
287610
209581
83058
244567
51233
99635
91625
233225
235158
246225
88511
213490
267676
242998
293392
256437
209449
236153
288449
250232
111200
13657
206136
286409
253724
240558
74817
6152
270963
52969
201152
77296
58622
248778
56199
110097
222666
242653
220365
214191
288946
255894
231474
56745
239618
249706
75572
76390
89624
3587
222366
205716
272538
243436
292176
89030
238229
244672
267115
280705
205956
253184
288044
275435
50928
221033
270101
89812
111410
292719
95822
85088
246107
229694
204902
292756
73906
89693
81287
293129
250086
50566
66655
2451
291643
200624
286713
101100
220412
81447
261782
69800
292875
100195
223412
248439
66670
211430
264240
236858
1106
239097
226179
201649
286778
262470
233020
221692
288664
285175
55270
93734
200165
222291
286455
261874
240874
232916
50263
273478
275581
26840
259078
1029
52476
235505
77953
38375
243557
250160
63731
110470
50604
257677
74009
206473
205550
105949
281652
66043
213911
225028
242019
206273
98849
243948
91723
292392
99636
58990
293503
286174
255884
253175
233847
57829
243470
275003
222757
99958
39986
221224
291171
257688
243378
213512
251995
276586
279195
284814
240265
96041
50612
422
270952
268639
98886
82548
57767
56820
266378
97350
275250
108976
291561
278365
74445
80939
208633
100034
213205
88343
217
211002
290222
56382
277582
112810
228002
229567
111887
90727
75075
8185
108733
258920
221922
70017
7774
52835
96903
235884
12201
84322
239527
212515
52692
69647
225252
92830
204004
223049
215814
224275
108413
240559
295498
15954
290337
94903
86242
287988
201760
263968
80583
65802
103042
95874
64750
214245
88215
207193
285274
108080
94749
73527
252792
244836
104642
50967
270398
38624
205654
237419
233673
270458
74744
72077
212494
250123
208350
267479
240946
240629
50145
231520
90693
294216
354
63666
271218
296176
2389
207422
269075
217559
237356
284786
202378
260498
73326
242918
217675
83741
291459
92820
258437
90615
232272
210036
289883
1679
216950
201205
4747
69688
208727
235441
233976
204504
87455
241351
58358
53555
228062
229232
97204
230853
99713
219449
273072
76905
13959
89553
112936
52562
245363
88602
52143
286635
256514
109400
221261
200755
70088
215296
208004
72213
279321
98259
232484
244668
86215
279049
222787
273349
85358
203060
105132
249010
57778
53741
284464
291722
75821
214842
291328
290521
208980
295809
289986
270801
76682
290016
1263
263321
95909
108277
92354
208879
291587
65762
249835
292501
233588
295846
32
214172
252523
80722
55851
261299
213004
52217
95632
99702
66107
295068
52091
74681
940
252452
71374
107768
38993
65836
55865
97597
250586
10701
217635
220041
256339
270216
65333
270849
80788
261531
211649
76445
262282
80303
292953
64019
75094
217698
201917
85255
228543
239674
227053
274085
229756
202749
267891
287356
273436
92054
260680
87754
281429
274907
219978
105000
234702
64090
257436
55346
234492
269907
271802
52611
2370
5775
3169
290066
82423
85375
265566
62660
262103
92668
79698
213696
89112
77494
219800
230849
65967
271847
206429
277562
268258
79287
2641
59048
216054
272151
88755
97859
72341
68678
205279
80156
78190
235699
245397
235946
215661
91065
265
74057
224110
81190
293799
223791
247815
76891
93314
210718
231473
99571
250256
79694
258896
109177
250707
291837
65845
3177
104260
57453
231764
67648
249599
56606
80259
261017
251159
266031
69882
109490
94097
208125
242171
59725
80255
280082
256930
272755
78079
220089
235543
108617
53914
73223
251845
261660
103842
81231
95202
232967
149
55221
273331
85636
50163
79924
204207
200057
293852
221487
50686
280641
213383
111892
200559
222639
230994
1965
101458
55424
92867
244031
102735
58072
222731
257862
294601
216903
283334
233774
240004
248905
88150
75545
51343
219879
78014
227622
278416
111823
8950
89716
87809
51065
70362
98635
56331
86108
57524
92143
52294
244642
104265
273526
274120
67511
285072
220267
266443
226152
269526
97880
106155
283638
54280
238496
88043
270657
219833
70082
249064
72686
272432
79453
96791
39630
77306
211818
75960
284361
71194
61979
200796
11411
69643
95276
227592
206820
91936
282861
84780
224717
76461
100213
77177
100024
266345
51014
222439
88310
40278
217763
276708
90694
202227
236289
105444
112011
290308
50847
284610
294568
290425
210509
104608
74393
60857
283976
205232
98614
103685
55325
90633
514
212317
203593
62603
57364
210278
290224
244282
39829
274289
100289
103529
224177
112120
212160
243775
75582
289990
95078
233687
211987
101905
268074
100602
98656
290455
243868
285687
250612
100532
259433
288674
286481
265531
279042
75306
207360
274515
220304
68510
102728
203853
88066
81500
207255
227348
82673
98747
3130
201566
263990
214819
87124
203898
285464
204856
270432
87089
91309
59410
113182
270342
292964
83304
290958
293878
91672
70845
293213
241825
227963
107767
274720
212440
265927
261086
225383
204294
238471
52965
58764
290248
293735
112490
279288
52879
459
262393
91842
227349
291254
84532
276654
240124
205070
253274
56900
266598
282848
73780
293212
242941
98299
233004
61520
228030
220686
96984
212880
221386
292921
295160
93678
275919
75873
207003
465
213288
230902
57951
50685
200062
83933
99486
276029
112277
82206
288522
262467
222858
286694
101316
386
206001
283995
289762
80843
244693
286677
266171
234947
272082
6841
210780
235225
56183
202371
290623
232834
2829
111629
220182
271692
50828
84896
72133
275968
261667
73866
294246
65844
87690
79167
94460
134
81625
207432
240961
54170
76248
80050
76535
101966
212359
102164
215062
107526
53678
57948
70818
93068
87844
88004
88030
88544
88636
88771
88860
88973
89010
89285
90172
90580
90661
90850
90859
91108
91181
91526
91963
92206
92386
92418
92741
92755
92764
83146
83179
83448
83462
83522
83620
83763
84078
84762
84764
84842
84880
85154
85501
85887
85894
86210
86314
86449
86686
86795
87101
87179
87229
87611
79990
80032
80038
80073
80678
80714
80755
80834
80891
81049
81170
81731
81924
82008
82502
82778
82881
82922
82943
82997
83044
73143
73218
56449
74926
206083
223331
238553
230834
261279
274084
212634
71812
229806
266692
242371
242523
242940
244159
245754
246153
247227
247587
247671
247710
248970
249253
249962
250183
250382
251527
252023
252108
218359
219349
219402
219466
220656
221089
221380
221478
221564
221704
221904
221911
222214
222623
223713
223753
224708
225013
225031
225046
226228
226673
226740
228203
228616
229735
230022
230045
231192
231286
231306
232517
232562
232642
232688
232847
233607
234433
234826
235791
235921
237250
237302
237314
238698
240120
240164
241424
241619
241813
241929
242015
242134
109395
109584
109673
110450
111849
111994
223259
204781
293642
205414
213657
60044
52658
243974
211566
96780
209191
267932
255550
55008
287098
233892
88197
87819
253363
51539
52786
207601
285994
106078
239876
291283
227525
207983
292167
287806
52235
240422
274562
288659
230892
259950
210710
97992
265749
235646
109077
686
232891
67928
109212
216435
202181
231791
92552
50304
106319
210435
40125
85119
273691
61446
281754
207320
269813
287923
280418
287960
58970
59923
284303
80000
2586
211150
99469
86079
58219
290799
202607
2078
98528
56044
210698
241289
92116
70598
271778
63005
204381
243397
71200
245729
292781
246991
98486
87970
268726
244809
251397
112951
269807
274957
228046
204895
257342
250122
62941
287497
109292
216633
104857
216755
211293
226883
274416
76296
83118
216274
76120
241190
266410
233927
211309
58633
238523
229399
223615
241756
5005
202436
89205
5738
60370
263198
236020
54830
202057
88700
241
73642
292483
292439
240771
94612
209879
50363
216270
242749
274290
73435
98673
405
65051
316
112063
211515
113081
205174
208771
249236
77017
232464
544
89607
243462
86440
1790
287330
206223
248539
272944
283491
293821
207430
241886
293603
272069
95184
100773
285087
2124
71340
61403
267468
76118
235178
288775
73854
285131
67884
50360
39309
245033
204471
285126
79926
97751
321
279320
279842
212520
294927
254072
242474
614
279481
233281
281821
88998
264643
38878
212489
208515
57549
74962
288696
289684
103099
273096
222573
57764
269020
272149
204813
75304
58069
276408
295882
279613
273641
289705
85323
240414
281722
222670
68810
109688
91517
830
72461
249198
97046
253067
214486
258104
88452
201366
278469
94818
85987
202002
372
235707
280151
57761
274159
73978
226646
289724
212689
203876
116
111596
235046
235165
246318
290019
39335
52664
100240
216736
266631
242139
247943
766
205075
201807
105067
289670
261700
220295
244444
271780
200931
200932
238421
262388
51491
215669
209789
240510
90994
201021
74256
88410
205323
93125
57546
245968
60189
56937
253080
98079
207986
288750
202237
193
240139
62990
53549
63684
242498
225953
283409
242220
258444
265363
288892
228052
285250
276
73490
73207
212311
84441
11608
5263
583
627
219191
262531
111717
80007
235714
575
288963
225159
102126
278580
4746
258964
287138
233581
3900
65229
200051
227813
261235
72823
656
269327
77743
227447
227436
38722
112245
223793
52893
247314
289985
246767
211023
289308
75947
265784
252637
242908
280784
70766
83553
53547
85368
244356
285947
214160
227514
294153
106235
65679
269519
90820
206450
290793
277648
226801
104352
255478
81264
240654
210895
232615
66750
250274
268817
211837
200511
223996
289899
271954
100355
285429
208430
207121
63894
69706
201864
56242
237233
244245
289616
218407
61350
101298
110009
260205
209468
1626
222115
58125
10658
209477
100461
216269
210238
93632
280208
92700
215870
633
110043
110985
62351
9149
7613
213700
113241
230988
76486
15992
200139
240321
205391
80434
202586
99047
290133
271631
79787
205546
76138
236495
285279
102718
216144
209394
269376
224412
54762
225791
91196
274361
262301
236989
261836
265541
99136
272291
108297
215733
235748
51066
268517
244858
10404
204843
106621
61731
106191
292072
260511
285031
204393
236917
241509
208290
112359
200194
5270
238749
289870
240932
233804
232041
520
203518
222325
287122
229964
83504
40335
262003
294296
207236
293847
96008
225527
111693
288890
111646
264678
296170
286985
281745
98593
104245
270569
95257
209364
204802
7992
71324
246694
270080
57835
261328
212867
102849
250383
288846
110239
244430
253102
239969
261957
53606
86787
59392
205609
99721
286403
80002
98526
72883
202554
95206
259107
240582
253574
200691
108210
250554
60506
96282
219746
204600
263049
58052
210100
219458
277608
292396
98150
109552
223401
233326
282846
293372
222017
273221
256136
265352
255294
290515
273780
237768
87837
279830
232230
211395
206043
107704
258781
208721
292717
280608
241786
235702
215545
272380
251262
200239
251817
247543
244358
228752
276100
259542
208184
269987
257329
214994
202770
232358
295394
225094
79095
283302
215283
96224
110695
270770
104227
277484
79923
215450
242888
63186
209719
291351
1644
70315
112420
281739
284848
282668
99177
213175
95509
206418
235413
57454
80327
200408
234208
217401
81651
64329
50010
271159
85409
288248
245675
92190
71978
295686
102681
235363
264312
287965
242322
295415
228637
279543
262130
269877
294242
101887
221840
264978
82814
276233
112689
294616
200550
94934
59459
233586
210813
262816
265321
242469
233388
77355
280289
236097
250971
233473
111201
79701
265291
93786
243637
269639
250896
225551
56416
268994
236859
250618
208742
95502
85
219600
96386
245151
88521
84016
88495
230074
254689
82298
95682
245062
79098
79874
104007
254453
110491
231751
287711
281773
290766
253921
221326
254830
203865
247060
292224
254174
113137
225368
223058
70579
290881
244399
261047
249768
293243
223310
252161
110421
247298
233517
235810
242968
294709
296094
50626
88625
259502
290051
293022
250359
203412
219877
292682
276945
82357
205410
296132
272313
288644
241438
256036
263356
55792
292572
274314
279018
213233
235538
287467
260133
252829
83754
220337
76427
293728
253576
281533
78462
289079
202123
3211
78887
285368
97179
200617
58601
259964
107719
233334
88383
277686
213259
294005
95743
338
212587
277687
263869
257391
246800
201358
79533
234396
70336
287586
90276
76904
294942
274293
276592
68776
295612
91374
91948
74334
86466
66971
111288
73795
76244
91741
269086
236449
112679
209828
239268
235379
50282
266420
210467
241347
79644
103643
227786
284949
112024
284298
1939
248349
278492
214624
94726
271474
53284
80853
208641
267002
77163
288579
274888
73840
109841
269959
273403
56597
229933
275112
272881
200179
113003
241350
88907
5849
287989
51479
274791
205011
95609
213845
88681
215138
270407
251387
66908
257518
99376
68339
70969
239733
269839
200610
63032
290387
88216
241245
265669
201944
293380
88425
112573
285127
39344
292070
243523
92808
235743
284996
218329
207625
38943
88443
64967
201394
59432
295622
105358
72672
99742
73359
293457
38334
111930
206873
274024
238590
40275
206200
218576
215693
230090
69827
206910
208604
98170
58233
16388
57777
70975
268884
228449
275758
237164
55294
221276
62970
276988
56857
278213
58744
63807
258844
291634
237060
294419
270347
96170
85221
246836
105080
212108
206969
203016
259585
230390
259218
53319
243709
204764
243960
82554
110868
107907
246552
39595
80201
73433
201236
111287
211619
53038
222070
236804
95753
12940
68880
88828
56462
244131
284328
202508
14048
57105
263187
291941
251492
224814
293711
284907
105079
229689
18948
225404
93714
287040
262405
288547
85172
39485
201050
277884
234235
86206
261745
205705
106040
202615
50873
97433
233172
72190
74990
234437
14380
69717
17509
205456
206838
291624
288125
50031
258790
56230
72464
20128
207023
90389
287165
105062
9868
260564
225521
290276
211146
108410
75732
201140
278680
29104
205173
221856
216377
260363
253619
289807
78886
209413
37010
205239
229102
11328
202252
276730
292205
292343
284241
207087
222270
72893
208014
67232
88711
257744
62433
68182
81475
287250
80528
216904
68185
214097
249654
212827
285634
240691
112318
235474
50705
246939
207645
253718
86716
99532
84436
109024
106499
52629
87867
58344
211960
201598
6765
224585
52056
323
209203
229909
247891
82605
282066
94952
66763
77676
258366
206069
82696
87738
201999
252083
233614
235139
270243
62903
283182
86086
2480
80497
103559
258815
249287
78527
219527
232915
84457
200444
98375
85116
73693
3138
258035
102464
38244
90325
102275
265231
267767
95897
261327
88387
85711
210522
271880
57932
247523
265285
261425
58561
87252
292824
112620
292813
207033
103397
58485
50935
66375
207332
267725
272476
293600
208209
269469
101175
111685
231842
80646
71000
38812
200275
52932
82877
96996
70357
269537
269613
104837
277352
87002
293160
100312
2497
226285
58958
66450
273026
65572
251452
64205
83583
4505
54828
87816
265589
200702
68013
81999
249681
268505
231611
64011
201044
202569
224174
210884
200107
293816
239106
292629
277420
53025
82447
273253
95149
79760
50668
276572
293593
274943
76630
64316
15563
89937
246451
92203
270510
68169
208499
230185
289908
212300
200006
77300
1540
39548
59583
3729
224288
52085
1000
84420
106101
84204
56187
57496
948
374
1927
673
257
82709
57492
54783
58127
59264
107628
268195
204317
66605
6054
292727
77273
111309
76031
1891
290458
61491
225256
75426
60846
102457
112720
207471
206580
58536
72923
213435
229543
205076
294549
76847
98582
244137
65320
240685
95338
254704
214407
288339
55795
270998
291314
205423
75806
292459
96126
235091
253550
211589
291568
73706
215924
239315
201123
93430
109808
80247
240792
243652
227597
111008
226536
240187
85914
271686
3875
86502
224234
281997
220896
77522
259074
220435
205648
221255
272492
65074
270697
101698
55121
66
55036
66132
95333
61687
58270
220173
81498
264412
73544
55433
272683
58503
205373
88391
266690
246145
111597
59792
252007
267318
284746
206367
276682
293748
243944
60450
103563
3571
243292
58155
266546
201655
238823
284590
239786
81548
74680
276442
260345
278287
84453
218030
295041
282420
228502
273812
105426
286418
111587
283397
221040
200551
264764
284404
201251
102787
237383
95317
222107
285546
249802
210600
202038
292938
236577
222685
275989
52363
99104
217822
64645
254475
250729
90832
273927
222144
265045
60124
223039
111999
294051
269276
203037
278109
286300
1219
95358
273805
87932
275055
223139
267240
80924
220367
245714
253073
249490
91593
263947
280271
265766
96354
213833
252642
71818
289363
276025
288461
276332
98851
282400
274402
222436
291433
270343
286582
285948
216525
75924
76909
277274
219755
226352
74348
236862
246734
282181
215480
268037
270149
102506
292922
274854
287341
65374
231650
282564
207850
250120
57309
292758
94836
281163
73614
262718
39299
286504
255741
252205
209312
239705
88159
294276
291274
206226
276793
62102
274212
77138
94908
267916
246219
274352
97781
284596
108554
244702
243801
86760
230952
69974
80438
203434
66799
293333
273495
262295
93837
97920
294645
246909
219961
246638
273787
95499
56847
50840
200256
232635
233025
106572
103399
92450
66087
222592
214637
238665
244483
110752
203944
265768
286130
212649
281417
219247
269900
260768
279072
259789
83938
102078
217328
207527
74420
234931
81445
275899
209412
237206
6223
200887
100343
234376
287713
213536
77836
227569
285350
280449
283187
263572
277662
40209
277423
247386
90399
99375
234134
96248
222251
232152
281116
64318
211900
80881
273915
217562
268100
237591
287
223838
202785
225753
283116
76567
103853
58532
263123
50462
239952
103357
55238
55853
100370
241717
68330
111909
283395
102817
91331
106957
291524
242715
54393
72428
268635
278526
292369
270477
53320
91159
107692
88168
67984
98
286706
252423
77890
262442
222915
207026
102114
256115
10205
215003
69945
243646
88949
77885
226705
95167
93468
102985
91773
98897
293239
222548
258381
290632
279171
78930
93702
257843
270965
87119
206780
57452
87755
259235
214226
224017
261042
212797
210109
77698
65465
203890
106856
207371
111280
291226
230173
95437
85498
68189
91767
291783
72081
292826
227427
95615
245209
93043
287078
290504
260621
255910
91078
289523
77474
277551
219063
59389
281637
257731
213922
1798
260035
91614
95715
291250
102913
234718
294058
272613
269514
221959
237408
212081
204158
70937
229203
245715
79934
52469
212632
245315
270604
254630
50984
79339
274481
76692
277434
248704
106244
218946
90821
87874
65783
207191
71365
236432
226097
75102
257015
103645
235947
224105
270593
69837
3093
106493
106357
280782
245461
281617
265966
207034
214282
95668
238548
292248
59259
222443
67992
265424
280823
201091
222839
81954
270271
304
84829
54394
244807
218658
218661
88529
73341
200790
273639
223361
201444
236957
230757
113020
200665
108104
91641
255615
244723
111981
234218
54483
68556
93386
201795
5438
295430
67554
253010
226073
222490
288702
239730
291644
86307
83127
91110
97765
245045
255260
215608
205290
92705
86472
52142
106915
241107
207122
57675
276232
275134
111326
86326
69054
206034
230361
283793
71326
79
283567
84067
52723
101477
224129
290468
187
220201
286100
57065
288719
51984
244748
249235
254625
209805
269714
228198
258622
276342
269256
104449
69304
15101
293890
66139
57673
209183
593
202232
59019
69638
288884
274249
219782
238831
112856
59178
100080
209014
219448
54286
254447
223558
81912
62689
77063
217656
274399
93968
291754
108469
260139
205444
76521
244033
574
98632
237172
88556
211027
270999
243900
75841
214874
79663
288414
243191
213957
12868
212260
290044
246110
101891
242697
74831
205115
256585
200998
203538
225653
223499
113169
98923
57915
91939
295217
259179
74390
95856
264796
229123
81813
238664
95978
291237
250660
81639
32588
275207
201052
283432
60875
291933
252866
85497
234255
249307
242952
57950
231951
265377
80024
244404
264891
109128
206647
293144
269856
268880
292199
77666
108154
209971
221681
240382
281202
81630
275423
291213
241872
55111
270831
255461
264481
3362
56293
223562
79711
270081
257962
74347
283877
249023
210936
57293
1785
275726
77425
52527
52962
225300
79288
62
3755
91194
63634
53080
210755
224370
83258
234133
239707
291930
111964
246754
262620
210243
55376
111458
66380
93936
110863
210815
255289
80983
75382
2123
228532
206953
227619
292485
205717
61829
266583
281943
240192
58340
280097
64112
66618
60987
273116
85786
106771
95531
262193
235247
62447
246907
111210
280602
270163
3989
288293
100188
83652
268197
84883
54620
92474
51693
61776
66941
269319
82
91177
74835
240001
95328
291414
257233
93876
207379
262390
290553
10402
14449
207557
219908
104833
271792
201445
57914
281252
249475
231932
54430
219687
258878
250021
282850
274948
110089
10692
232224
232977
277369
282536
50595
261590
279236
104920
249371
88348
83305
287056
18032
71915
206923
207636
24943
88319
58543
69776
89113
112808
53407
269884
108056
93949
99696
294059
208017
286769
102976
252705
260995
263758
50755
268665
210201
82693
65581
292351
207229
272055
241002
252730
70907
223999
65223
290199
261516
15466
211906
292728
234496
65754
57573
77179
235673
81089
71267
2903
239536
113208
214890
259270
217545
296291
95170
242516
265124
262017
209316
70029
214308
216353
219091
210719
251801
234724
69127
279971
262878
76276
4700
54091
263396
290496
89266
84257
294951
77665
295635
222014
271530
206894
39823
290937
271823
278249
66236
99453
53754
91314
282097
206079
247027
225989
225041
71445
289319
204974
88250
84447
222104
212574
290944
224192
216102
471
234879
107721
284998
294312
54257
96974
986
71217
201127
55977
73734
274775
96842
53536
85989
270993
95760
57343
58081
71336
100316
91086
266475
51219
70681
214733
209786
104420
90963
230428
229753
281282
295581
91240
91270
91518
91596
91738
91740
91764
91776
92147
92339
92413
93152
93173
93269
93660
94365
94446
94955
95009
95472
95723
95731
96110
96120
96718
96902
97005
97863
98009
79977
79978
80232
80268
80443
80518
80531
80801
80816
80865
80964
81430
82064
82515
83430
84177
84302
84736
84742
84869
84887
85021
85111
85309
85418
85548
85617
85689
85981
86085
86463
86515
87116
87280
87341
87495
87578
216080
288872
286237
896
922
991
1047
1269
1476
2255
2307
2431
2825
3158
3597
3902
3908
4279
4706
4731
5241
7031
7561
11918
12449
12457
17005
20301
20770
21871
25001
32736
39316
40501
50273
50297
50335
50404
50583
50885
51702
52193
52311
52576
52584
52911
53004
53112
53136
53318
53768
53916
54247
54417
54522
54614
54928
55108
55572
55973
9
73310
52161
71488
27
141
167
437
499
985
1085
1561
3215
4467
5480
6868
6870
8322
8505
9113
9944
10332
10335
10406
23199
27735
35154
38348
39468
40225
40545
50097
50279
50288
50354
50584
50594
50793
51287
51319
51514
51861
52309
52369
52499
52705
52742
52788
52955
52982
53068
53771
53907
53918
54454
54672
54738
54750
54756
54847
55025
55118
55144
55255
55563
55611
55629
55722
55727
55769
56161
56166
274630
80455
284795
269996
73628
293046
601
498
57387
216340
107142
100731
65095
89569
89779
68844
64224
95160
60826
290121
54171
201803
60674
85335
293732
100627
57612
206862
79483
94895
253554
50672
53558
259566
268538
95846
81455
293548
283678
274359
84443
286801
100513
83413
90188
202270
212803
91638
99155
207251
254959
106726
100272
88706
110740
244708
80729
17208
272576
84161
454
113057
74170
202240
81732
281598
285940
110778
62806
98139
292885
88026
208082
7903
207169
215162
89254
206406
211214
100770
285416
109789
285645
256632
225484
206782
220257
2841
62503
272426
108088
85293
217003
205950
281257
50155
84863
205413
223820
248975
246890
267335
245886
96744
2262
287786
236117
80781
61682
293512
247519
89297
78879
209177
70553
271090
281944
234810
276283
60747
62960
73977
53099
202658
202365
237841
74960
56535
294120
277710
83082
262018
112249
277816
234932
45
200190
233177
104721
97927
208155
203764
103786
221469
99783
204846
275999
234439
289285
256887
296229
237377
88351
282942
211054
56275
258630
73598
292747
258256
261215
81725
210925
101093
240666
291872
110733
103463
250038
206250
293080
259439
205802
108243
291588
204685
275975
272553
209275
229174
224021
4154
244658
81672
214410
216952
97015
79902
109275
101277
207148
219425
108633
290472
246194
271895
291586
82904
86757
253
80878
221336
240260
60500
261060
222902
4401
233735
292666
103369
240100
221626
237708
110730
223061
292358
247861
85440
112804
78456
276201
211022
244135
207686
276901
265315
82528
229254
97694
58051
256336
294363
247919
255793
262988
287584
243244
54595
783
249839
258917
240731
107169
97890
258240
74313
245452
270539
281481
97619
226306
202815
255179
99214
60364
8699
17958
260863
220384
288197
68637
79646
288809
94232
243594
258076
101054
280829
290247
243380
73300
282573
103155
235501
276731
103288
208289
102254
231838
99626
270814
279136
274821
87163
261889
112229
223076
203832
84151
284653
246980
235813
91092
56043
291201
242707
268676
87972
203676
241982
221951
68726
207381
233506
214100
263283
243183
247675
222909
200649
108369
291775
103713
258691
204889
71275
280534
206290
289561
3742
261347
94424
276403
221402
267168
286383
288836
210135
285201
257144
212863
213220
271134
78112
286454
283088
4832
210171
79755
290467
253452
280525
2439
72687
85992
249775
224523
207702
99871
83665
284223
103208
57989
94051
66662
241556
95233
26454
203854
262796
262820
254455
6985
249699
240505
262939
226743
63566
104059
207253
103908
108767
293256
269740
57281
291331
206569
56726
293692
225857
249373
290189
101281
100407
285663
256865
69801
71777
235766
54615
235426
220364
291873
201110
200177
277211
229873
87132
242630
217996
272129
113055
204881
76215
87986
112102
79141
94534
217911
226983
244616
50856
102940
91469
262611
279322
290990
95224
291784
57903
209617
279859
92507
204228
64253
273107
78716
216000
287540
267991
77076
99523
264007
205227
206015
228459
82245
1460
53017
211542
287767
294267
224514
57771
260426
293801
83807
249952
72781
294135
56679
271928
71725
88469
274971
80607
57241
234653
219735
206735
239080
283933
103779
248505
200995
111840
65658
208473
260881
103589
208586
19515
213028
52600
235509
106401
88691
83830
288239
217913
14698
63249
271006
247172
97973
90616
213212
212254
56191
12310
256241
77754
208928
272557
284026
266624
84656
277846
218903
82080
293222
229939
104975
211774
265893
290166
280552
214472
73339
285898
285914
64810
99556
69112
288738
236203
244978
262694
206718
68945
79642
107716
292650
281245
88265
239641
66530
295106
213089
265680
233715
215397
290331
207537
270022
62584
68619
99969
205293
245735
229638
291517
260200
74828
222292
124
242685
242890
244604
203506
99347
243515
69121
2053
52586
66005
247659
231422
221712
271927
292216
110441
111984
231179
220533
79949
111982
84721
259560
51805
224509
62146
232726
238793
275909
107900
276405
230555
292883
259306
277871
241652
72930
108185
219318
51465
247237
260957
85322
89994
106353
212831
4119
77392
272080
87318
79633
261030
75427
60791
270137
59532
292223
78814
275808
96407
112525
295844
234466
106890
85030
2686
4232
72972
209668
216781
257156
214726
265588
219357
50736
224434
66467
274535
60678
204391
267350
211427
226161
258438
61470
256095
106432
289963
79194
72644
216534
94642
8065
267270
96846
232436
103543
266049
252050
74957
243387
289371
203652
67834
293289
216642
268529
77719
257101
255726
269140
111576
245211
94351
275355
272435
233093
290393
102336
61521
282620
292612
89866
207487
213033
243591
250553
230589
217464
219520
107245
82545
99299
104696
217923
286670
96704
209196
209350
228068
91420
244875
204539
65698
87622
63854
88405
102101
249052
255579
235720
214310
66318
99325
218028
84034
234303
228055
207834
243032
274635
274112
246715
294175
201705
235457
217810
264887
219822
233485
265158
268194
263828
295398
80676
287086
272044
294493
295913
212024
215677
239840
90566
293936
289940
279898
243674
231616
291207
225786
233496
79357
63202
98843
216345
87456
244229
291199
228353
84597
50630
280542
216722
111548
224106
292934
235056
105309
246080
109409
283853
235888
227162
101996
276544
289598
71448
269141
262732
290413
109536
96198
284340
212263
73439
83691
98069
110446
221573
286679
220202
248617
959
81703
216619
85560
201172
237267
281428
284505
247874
213098
104498
213732
112501
95483
85279
56730
252156
97018
78051
88240
206900
208954
259279
200738
56088
102202
100144
107798
262780
278018
271814
105237
292019
220560
108140
284924
271286
279526
82280
281802
233359
204800
91793
88657
98505
291575
264314
59093
264671
212032
293003
289106
256137
75312
288335
80227
205384
293437
268192
296138
290690
205655
245706
53666
247440
109363
260915
227266
206986
277089
223638
218518
222674
83916
68297
85165
276615
210401
237657
201065
278300
87276
212888
234157
268275
261718
279639
76033
236351
292519
292357
205055
225591
208856
224471
89705
202709
212177
94447
222301
206814
51926
204049
242131
275786
204338
255639
259090
212853
283667
291774
262643
265502
230611
260488
283741
279985
59175
207268
242255
89109
200774
72446
220338
220158
56731
288019
110186
252332
286772
246405
112608
205014
223684
243203
220897
219001
74267
20930
1294
68555
84455
67023
228307
207222
246128
50439
213561
5121
233620
89406
221740
86452
226208
235393
284796
50146
231785
57696
240412
200311
4481
67652
275059
56122
276664
73089
86559
53183
231394
2462
55780
50152
70826
202897
280050
57313
108701
83292
265338
272017
71164
280154
109078
77165
95713
82259
234206
53357
90247
294273
257790
66842
212619
15
87282
238696
264983
274786
283578
56741
63298
268746
209869
52981
214628
50554
213523
214599
242950
200490
266044
206971
200975
265723
212045
264896
71801
226434
228288
283361
278168
61749
76285
223029
102932
292081
107400
267961
1857
110246
223613
215444
93665
231936
74103
283059
58137
57690
271628
89320
233663
277112
246271
96025
59554
67574
55251
50985
288893
207272
214163
250295
82463
74881
87005
267769
243002
440
288189
84212
253481
93834
63853
218054
291844
92621
204064
253923
248999
52441
207523
266270
200532
57669
225702
289081
100238
72660
50579
276320
210916
105280
288842
268479
201798
276868
110839
75883
245758
292876
204748
72938
60844
239785
273217
254068
208527
50051
243729
2805
204808
73785
232013
98696
255602
225308
293391
78188
100193
38216
82400
70426
273299
7501
278226
103536
292323
100709
90336
52326
50938
108936
38654
56551
82639
261
53240
69086
66299
70437
225788
269742
80281
217884
204007
230346
215351
102304
106607
57762
89009
107915
103801
200357
288259
203382
250102
264911
262201
271839
235917
272660
98272
106430
257659
261366
283996
253904
56289
265834
75566
74102
92446
268990
99507
246827
284510
262181
288221
200658
223814
278908
91834
83840
291166
256587
285336
295086
248692
279164
64785
66479
245351
205308
258735
289217
80567
88256
287799
250491
81816
72956
76757
243685
201918
227791
62441
38962
286468
82004
67221
64170
269362
278253
83820
223548
12085
205320
2160
105160
218622
107368
209509
83334
106092
18397
38983
3186
79208
77832
284336
294813
270644
206460
80086
103406
283473
80584
54209
69043
52735
84449
284606
94720
102404
208526
232239
207610
269151
97261
99963
39067
279312
69822
236312
72472
236134
86769
234659
92288
236207
207511
237096
83483
206985
57120
72494
282170
96837
38343
254107
75567
205652
83695
227453
201202
211378
108463
266278
235769
250723
75254
227096
215293
220712
66900
95843
56398
212729
104057
80934
214434
284520
92523
51779
39124
62039
61526
40146
87765
73340
77453
39140
95572
503
208875
212692
97603
240268
40040
79234
76789
102621
240690
269240
229402
275185
278732
50436
258001
223883
81340
219880
66773
38811
57138
85679
88721
84439
214036
224049
246168
228463
214701
71813
240252
205542
71378
220440
97990
231150
293199
97543
219816
243884
258453
279901
68166
90400
65653
107520
64097
211559
293493
279170
79896
243536
112872
202999
97771
79591
224729
102983
265744
210308
19253
295903
110447
226967
205216
203024
78294
209596
289109
286140
272844
233680
283781
79723
73483
239414
291087
260651
40547
229219
290948
238998
109919
39009
293400
245821
91178
228032
242916
225740
271771
109931
266025
261229
25133
274317
290141
107292
103662
278512
278511
251265
257671
109638
94893
242168
228226
289269
291420
290359
211736
294469
243094
58142
72017
245154
86413
285577
270204
229130
292778
93423
295712
94088
261458
97835
221875
68551
293919
207542
227048
208282
200692
288278
292845
250620
249546
69027
105262
98203
235234
236309
244591
112896
97320
100216
89384
75995
290508
249545
107627
270370
76387
245875
271034
288119
229364
63265
207411
90948
267342
262980
241724
209649
219604
78010
95952
231499
265600
240251
213524
290188
260194
102667
105411
206485
224058
84367
87010
57390
244983
112165
283878
245935
276666
287366
216578
112050
206605
89316
216610
219603
212479
272872
269202
40576
256216
251179
201796
96756
285306
39354
218003
205108
24078
246293
218858
284373
81717
251484
200370
288261
112321
97519
291602
281263
229911
91819
82449
65274
86948
80210
91868
53743
219436
76272
252843
75718
51668
79292
460
72550
202073
60004
55501
212933
51667
20
1453
39825
52887
80211
246846
51136
218921
77220
247722
75829
64952
58851
79728
100260
106384
217841
290059
226512
260448
75652
89632
65290
272243
284028
256963
224557
56886
109708
256532
78080
208816
102439
263270
82241
239420
104191
102973
107329
102974
81895
97467
108629
79692
80009
254722
108721
59719
207446
250416
105374
97139
221463
79127
83406
236035
81301
201343
105103
204181
92008
56948
206945
72743
58754
102930
105346
67169
85503
275922
219208
104018
213992
239827
93742
266113
84553
213770
93539
109980
204172
292600
281261
200164
253637
85596
290196
91750
222561
291962
88642
83075
105967
99040
69915
59943
99471
289659
84138
51202
238128
10635
62405
84939
208279
268196
271493
102212
243081
286675
92613
89170
80481
259959
64539
289529
92020
244133
100379
67421
97699
227902
265504
204516
105343
237567
104122
270350
200391
281612
243751
63865
246965
270339
103425
82056
230291
260031
271308
108387
276932
270354
270344
270348
232291
111021
91709
226747
202916
55948
246177
102069
53640
89913
294313
109324
85598
254913
201654
98566
87691
89352
254530
278910
87327
87951
105898
214977
51350
261094
229869
261234
204284
93475
6817
108857
86195
1099
106125
97840
87285
10422
67175
79657
275797
275164
99139
85247
100220
100201
2693
236999
53808
263791
216297
97678
85245
85308
56137
52208
278914
767
204894
1888
280920
214013
289579
78624
286367
51881
77821
92822
223168
50496
104839
100573
51156
226506
51306
104711
106887
246586
104672
543
51762
99720
254986
96323
225599
89784
271017
266084
291392
252600
209746
274203
271031
76510
1428
68864
83678
99220
209686
80635
83221
98869
224410
50438
239490
234052
62572
87989
55558
506
96876
90933
239478
70644
52403
67748
2076
90952
55309
58190
495
204056
73048
3140
52700
50965
73985
3975
58200
81394
208
88478
51555
57632
608
611
58195
580
870
112484
38855
1461
215735
58033
57633
55426
80059
751
255
291786
76119
207257
41
55
955
56744
91827
51157
795
62110
91619
286069
89237
58193
103506
349
588
91571
53711
52780
52605
279123
84885
200763
336
88158
80072
266
1194
58197
78317
65980
52938
2043
65034
51154
596
103509
775
73305
55388
509
53731
265895
96691
88090
4006
50476
51251
103644
232290
103549
267165
103530
232197
50536
51938
76667
89761
232207
86577
105974
64385
2063
53023
64191
217421
232195
267304
113117
52135
104729
8262
51513
232270
53036
86055
232209
61822
5665
223382
64181
70484
239438
230144
65297
83992
54463
54995
90237
90196
112674
80316
232125
222958
103521
227672
232192
103376
73126
105070
96397
80399
55130
88977
89245
13623
678
71624
292570
51498
78393
205567
52696
63485
95926
86275
54438
54026
103518
207944
5920
80194
205489
82816
51228
82543
50622
86276
281735
69426
1579
55543
82116
3696
282953
93586
219645
345
95002
282127
242277
56862
85199
285590
75344
14512
244663
65289
101002
204797
84021
26189
52973
106208
13352
70819
64899
70600
212112
294700
373
651
60117
108424
50049
121
239263
282515
54899
82196
256196
77756
77848
84005
60417
227978
107493
218698
1588
235608
50272
39953
265194
51791
83958
50140
206253
77477
83873
107453
92015
95907
66427
113174
72974
203149
200597
286622
214898
57649
250260
200517
80923
111192
89922
8318
205816
113129
104718
92041
51918
207675
108
1034
50059
68638
2282
239424
93074
212965
88270
76007
276128
218697
219175
35
24
40
85747
50813
231581
281970
204034
111931
254871
234302
52817
259890
104751
286340
275773
286108
17
50836
287380
234462
260966
52240
256626
111019
78168
58609
242930
105
70145
280575
54252
111943
275966
293217
14727
88171
276742
270817
88723
102083
230466
5
73851
278811
107171
98606
216847
291557
268470
53562
85638
40399
274839
226226
292047
219
235716
87692
217150
223054
78933
278567
291399
276508
250060
205804
234128
104081
2
99577
66240
287426
290223
237896
204778
287992
7
233873
264878
246446
212970
235506
100223
289852
275068
270052
109797
60682
51687
65714
53993
50749
51699
94915
59814
286924
251727
65724
282480
65718
58658
65719
69916
272814
65729
51689
235259
84168
65725
210515
204568
51679
225468
258335
260731
111691
65773
250058
68899
51637
51678
217466
9806
51681
58659
51700
213484
65717
276133
234878
275369
89934
253294
51929
50330
267677
244391
88835
281377
65733
201078
5464
220470
54070
212512
51928
4097
277322
52573
283654
51694
53955
274815
51683
92693
65730
82798
53992
282078
237742
226625
275391
281165
50012
68278
289607
96263
284386
258242
107360
65726
40444
266897
240223
57126
110015
239965
249818
107116
277261
207085
109656
222322
210639
242927
112334
107962
227326
223192
289937
101189
211078
250156
229711
100408
241772
276937
92007
253788
293396
224465
250230
105088
295636
273033
232792
212913
227058
231472
221617
108550
97275
252497
269440
285555
267564
259660
215475
111554
98850
244512
111300
250892
244681
77127
242352
109766
247012
288655
106406
102218
233683
60505
40035
264320
227195
229268
222713
109408
284439
243516
203742
244551
207090
109404
259079
101094
256935
232701
80736
250977
222402
926
293690
52420
289895
273395
77998
220064
78649
104015
239329
240952
98098
252164
99198
282543
272308
278155
233453
282842
274799
105127
232099
232533
91132
264188
58372
216900
225500
110676
76005
39415
271968
269021
108494
258522
107052
203505
238631
247186
98902
200129
259365
226464
250534
270517
220886
222320
244072
1543
202239
295171
107033
67038
58538
70242
203661
201461
225923
96900
98619
287342
226345
88306
87289
250462
55135
1009
98775
112505
223219
223914
83318
90960
264370
243354
225335
79693
264783
226053
284534
294028
219636
294352
230516
282239
75546
102102
23592
207934
212459
293292
218733
223317
202370
209511
94829
216176
242194
240724
80957
216742
222738
275108
271404
104026
215854
291366
113289
97044
207526
101508
208907
271237
100799
279010
238163
292306
219403
209294
266871
91146
267888
101118
225559
85227
284453
211106
239882
294805
295847
215318
276155
216255
99454
217727
260875
96193
93421
263608
264070
89992
245629
225396
287178
281601
200308
235059
233692
295999
268365
277250
221568
100732
96992
110848
94593
278831
291689
276071
284527
89046
78689
62901
214384
75422
88125
215586
265857
93688
227679
100035
102677
254415
97250
50306
228309
247910
102508
93572
93613
94371
94372
94378
94390
94571
95305
95512
95730
96439
96890
96957
97287
97464
97795
13204
62982
69626
76755
78912
80733
86524
87254
87872
87952
88005
88242
88423
89413
89517
89571
89653
89729
89771
89879
89888
89968
90072
90121
90287
90382
90491
90508
90879
90953
91363
91712
91718
92188
92358
92387
92388
92468
92515
92831
92988
93072
93324
93389
93501
93542
283516
221824
271673
294992
290692
222851
281987
222350
214040
227491
288813
268777
106842
106840
104591
108812
94343
94344
94549
95354
95691
96066
96348
96461
96672
96829
97483
97493
97539
71837
73520
74651
84193
84681
86747
89434
89750
89782
89967
90044
90439
92422
92607
93257
93330
93561
93639
93945
94263
209741
218597
101198
274954
101078
99752
270659
109881
234652
216107
229041
244360
203881
201438
106273
101113
99335
279940
209036
249567
107409
216103
268551
57267
108534
66262
237141
67646
233487
230825
227855
93690
222991
212466
103667
104619
201523
271468
269294
255258
102056
102468
253040
79953
67852
67778
67500
101781
108087
106231
92279
66078
1405
2798
3339
7778
14637
21364
39281
52904
58421
59260
61735
63417
63422
64212
64263
64562
64674
64788
65173
65299
66686
66740
67106
67477
67841
68333
69032
69478
69525
69554
70131
70918
71537
71845
72851
72921
72966
73338
73356
73511
205304
205306
74396
208450
76423
222652
95376
219810
206068
69581
65767
238646
70498
105244
93706
83805
254982
284477
266913
290614
105907
67512
94822
101285
246385
78
291284
241025
204976
39967
252107
226661
80724
215893
97839
77863
106326
1425
82913
76593
201852
244205
266569
224433
285929
53260
95712
274851
477
78882
232254
221978
108466
286006
287491
259829
241091
257437
243274
294809
277449
215170
222727
99138
109701
249611
112502
231346
56343
216344
240950
90589
210122
113093
234956
91532
208379
112471
207994
201303
212245
206432
209582
65004
2669
90308
208920
289125
244780
217882
216071
218513
282255
206279
275348
244289
205509
223495
243852
227667
266083
269401
83057
99798
78436
220507
225609
286405
81611
243120
94355
227397
207413
242205
111743
222870
282030
241149
285294
294998
211219
215681
226886
95872
238261
381
96067
274202
215344
258236
280160
98874
209890
201038
203672
112076
90134
229715
113192
90949
248434
257522
112649
92770
68264
86348
93463
79843
101221
215473
207318
279850
254727
105311
288281
270669
241346
64375
281974
75569
229152
274233
232492
56787
57040
91956
95529
69805
275416
219193
54380
246090
72814
75742
237039
211700
64637
209205
202934
288227
265304
240209
55303
57367
210169
70100
214078
280325
267255
255909
257054
225764
392
236960
90740
69567
279881
239469
99551
257852
233330
88129
215086
97748
221950
99729
268147
85166
210438
214976
104657
269566
227660
288956
104676
110113
262607
249605
213692
209821
68648
277961
253213
216236
290538
226534
283198
267860
95974
291684
86404
59307
38270
95402
91960
237010
86849
209237
91393
269914
21139
294835
72670
241285
61167
89066
98164
1766
283406
77709
261138
245801
290535
101012
206770
204559
237352
690
270682
206852
271745
50691
203879
283081
260480
212444
113306
80278
224222
277926
106043
76481
106750
265735
59177
2274
205316
216137
292974
104548
68640
234448
111254
261772
205376
294744
239886
109771
109480
77982
290090
215721
254581
210314
292569
215107
226989
274668
283939
214606
210854
249387
65894
220573
216809
52710
2495
269206
100502
85345
251392
257984
100807
265630
283277
288623
249942
285743
269929
87134
245938
283416
291943
218366
246221
257405
91151
242538
112000
102832
291049
223453
255204
294521
213816
255785
249716
284787
240607
86038
284521
64801
94841
244109
210820
285021
295943
268811
71899
94536
238499
282659
245208
201084
249662
277273
236095
206493
288054
259082
100207
292749
107238
86259
111989
210455
230036
91282
267443
87633
59217
287064
271568
242912
277554
214963
237967
220325
294093
94442
293621
245046
105923
98824
234205
237485
255026
242919
207572
102715
242906
81537
224942
272423
260046
222655
286115
278454
248269
206708
107697
77190
294810
203663
97689
243243
225397
247285
216163
284827
272194
113013
221826
276726
201531
112622
98423
71628
253394
200936
83843
215327
489
99099
267129
8317
85188
75713
70688
80064
94315
71211
80558
81233
263571
585
101343
106008
59430
1410
106683
160
206693
291473
216425
215313
50285
1819
296154
274244
1690
88092
99089
242112
280300
217866
259349
267096
280312
98260
230792
236080
246124
274253
243287
67007
98995
54436
239044
231937
255971
239302
265886
293610
6708
268113
216814
233
242960
113041
289501
293545
206293
219413
257247
107924
82993
272456
57798
205340
236732
277716
80951
80856
228736
95680
209984
213521
104172
61236
69673
55565
222290
248915
246680
271696
113083
88795
207943
209050
84267
217753
88385
28
230487
287284
272821
294286
224515
109628
88815
54617
74975
271245
78490
107505
210024
223915
237510
91504
57571
109225
105377
58061
54619
215140
88895
275133
285219
99036
74607
54835
203145
258732
248604
110497
225314
266684
85332
216016
291359
58615
108488
261125
59
249116
288876
88867
74039
103102
113061
207047
59487
263439
269988
241251
225315
54590
251275
98399
87319
89955
100643
82929
286651
220354
200178
58068
288085
273312
219045
64714
242696
296185
203435
255683
79900
282444
276503
60171
413
68394
216219
75298
270642
247375
267209
200667
245336
82716
269476
249540
278193
17199
79994
256085
242903
205140
105136
249993
275146
264151
285585
292000
65124
106506
213274
241767
221220
74609
97460
3811
245032
286591
65905
205237
252583
64195
109872
54295
222993
290215
201094
68499
99091
260436
231490
281243
59300
204038
220348
214548
87493
229990
279318
39361
61336
242083
66148
218768
284679
240801
82035
79441
283355
215174
250389
75476
213648
51043
282718
240806
202530
93023
262237
230742
244818
232937
274982
234670
205915
78630
229115
250068
82162
273776
72147
72857
203373
207950
57541
81288
107286
78648
216954
81826
563
234
28699
243469
69384
212633
203136
277890
241890
87370
94146
81234
73370
209157
245761
84458
237526
228228
74002
230091
211907
76364
293303
88740
292722
205688
248116
241240
87375
203943
225162
201070
228023
91707
263424
293079
776
81036
293077
222170
224936
247417
294602
257569
93372
293078
282795
106546
216951
106891
106892
71072
87313
59585
79137
104157
106923
106885
271607
221200
267571
106893
214807
269565
295443
293970
263456
232651
88751
88471
206691
207216
265599
234697
203859
200909
253192
227496
204111
230670
254015
291391
208122
245323
218350
213558
201139
99378
263339
244775
277673
229831
235325
50920
218253
281361
227367
94747
77935
286224
278643
288870
229166
273356
87020
108270
98439
286693
273268
225526
250887
280516
245963
291134
250830
210781
204033
101304
290480
245912
211247
52040
82570
63115
110029
277663
265145
64811
72895
240283
208263
92703
81753
224996
284670
261598
251539
65112
76853
293706
209886
235083
283895
222073
82730
241106
93230
213654
270397
104582
221401
964
107236
111800
212387
83012
56804
108626
108489
52897
280186
229051
265659
234809
250955
214041
227603
237359
205620
292589
109189
287154
26395
84283
241165
67953
223268
293517
291611
262543
252567
275422
251735
268320
283583
243565
38803
259489
202048
284402
222478
290842
103204
87642
282987
88438
286143
271244
97532
73457
57141
231314
284723
268759
281180
292780
241672
234913
237168
224661
56861
254179
241714
221607
288823
88142
239841
292230
291417
91508
62448
232374
283704
76786
276032
75232
105039
256156
294899
53628
70487
232575
200200
273669
206994
110629
211227
229451
109713
68198
284403
204165
88447
246917
228204
106896
58650
78994
86628
280837
266327
228653
265184
234143
202972
222625
52988
284958
291852
98413
244971
108822
68974
71288
275023
202346
205780
212418
82485
96683
267738
245529
113191
112939
235463
82900
86501
104066
230728
240872
61701
79401
111183
10256
221313
217260
58202
87399
279302
224684
76111
242308
111980
210635
254105
260195
292368
278686
269651
285331
57586
268752
285445
290228
71692
228890
243657
3213
85257
258255
284410
244550
238233
242080
246269
211241
107912
252639
57371
215363
262
50489
74885
649
78267
82336
77058
1581
67
711
209112
210304
107256
222940
271173
233184
280793
238632
232078
290859
267524
90388
268187
205272
239771
417
233595
287194
51185
103502
73905
241889
205236
72008
209466
245863
100854
62451
72407
226291
292740
102659
241224
88064
288195
275150
246063
288704
273558
207079
91458
272477
214796
93049
293198
212871
83845
278593
263476
91888
259414
76173
294466
113175
50695
78652
222264
81814
94961
83734
288682
97826
214244
272853
275623
87600
72909
63371
90387
292278
73456
283446
234923
260963
209665
71478
213531
208895
278631
205152
104504
218607
211264
205845
50353
225660
285757
3988
85615
95115
255058
236693
294687
104695
234841
224591
231974
79195
104202
67751
79840
72996
94620
286767
212898
282102
215631
99301
52643
241567
210311
218565
90603
266237
54440
240416
265057
276847
294503
76941
286185
200449
218648
73750
286442
289569
240960
288529
285899
92854
79685
276978
277830
50357
109272
107849
110786
249317
263351
243476
244097
280040
251702
227792
276242
244798
290599
295426
216104
216106
246064
212774
257107
97589
216105
203034
227268
272836
280581
296204
58405
95866
52126
294285
227828
231664
86655
291150
113312
103469
236578
98860
219787
225673
108099
262578
97559
247866
269350
289302
281146
86978
107614
213578
88548
108631
244570
287553
80870
215987
87120
274187
215273
86767
256584
239495
213743
291474
232685
251365
260637
67909
241069
261036
246222
269826
264201
78702
226894
228588
292049
265731
289116
53218
200966
95634
290190
233288
277578
38647
109770
231760
110377
96873
82213
244464
292627
105435
251321
94129
81295
56483
252683
223616
246759
290047
293207
290627
83953
254665
211069
282735
65421
87700
217985
225641
1486
257838
214426
57600
242378
72809
282469
233796
102405
85476
210038
282290
207343
217090
224988
104959
106516
111985
252307
233189
206208
231779
290529
87365
223439
212644
85235
55185
203107
201490
80149
51860
244647
290501
50895
279966
91802
86781
289816
243136
288786
82265
71299
254827
287682
219066
58364
81139
265730
243256
287077
292209
207363
253414
66217
80606
108651
88741
293645
87847
8217
239547
97026
279529
272801
105412
73148
279328
287377
289907
85834
82352
279307
286186
208880
289871
93236
76015
273341
291198
218059
291663
64752
293223
266870
251311
108700
287375
204917
294748
75161
253845
77104
71679
203775
90144
250094
39294
205598
102742
237204
204301
54405
97763
286762
99147
225465
241229
223940
218421
61585
6263
275011
200616
238727
217539
3247
92018
251188
269710
268358
275488
38994
259543
262032
237368
255197
71990
280076
250403
211117
213399
269361
90540
98741
223848
250880
277150
259477
205501
101138
266849
276972
278163
211330
53989
109011
203323
247544
105382
292897
233513
287602
215566
273144
103417
206438
218037
250947
283350
106068
251504
221913
279942
72495
209996
252216
256992
250558
69361
101839
255859
110511
100463
55119
290862
99807
291228
102067
81976
204433
227836
244011
104841
68300
88181
214605
283160
265244
249762
88796
235983
230958
59396
227305
212966
291124
267062
266069
210048
277192
221783
258973
242348
67119
242349
247040
104742
107121
261500
3082
254414
231644
272354
266884
106268
87428
222369
286578
282196
223211
62312
292933
252060
224150
260142
70027
225061
244817
80697
271168
19339
88379
295290
219482
64712
293452
207014
259517
74896
211532
83974
229651
270139
279812
97399
85768
217340
93275
101925
264432
78026
232257
293976
249825
296064
292238
256048
201388
267796
73109
74415
211803
76242
207412
79223
294006
230435
91122
227593
252912
222803
212354
105410
285666
76631
97728
234261
85838
271292
77636
284853
60372
289805
259038
215759
214164
269298
278935
288857
99254
103378
287328
113225
245399
213218
203986
271467
64233
51657
281765
224672
223724
64705
273636
238926
52660
109322
80832
274207
243602
74131
204532
234713
292515
209745
220449
88592
292838
51169
201854
264791
230205
235749
281810
221876
231964
270143
100586
235797
221258
69796
227312
236607
241180
208052
111417
208531
281162
227809
96721
218818
293917
39931
289912
257012
281579
38673
242813
281755
266741
269780
216254
249915
103771
272046
259103
289691
111231
289069
270987
214476
204050
205167
96412
225360
286054
282005
271783
82807
63632
98393
215329
99662
87353
250598
262013
95154
104890
105355
74232
73765
203897
265889
226676
271217
293942
53611
214349
70406
100561
261214
51627
107574
289515
88344
100886
290956
76793
204361
206167
226037
293874
286164
217300
202136
87843
293691
274527
296674
208044
289435
213313
267303
286107
205530
97009
296314
235418
279299
239205
100255
207550
252383
261890
216964
293699
295634
262540
69006
235703
226827
255422
269719
293608
257000
211114
246575
234222
240699
275862
293698
293875
271869
293643
113008
220983
278541
284311
259986
256024
273582
99131
78623
39434
421
204443
66683
92517
108954
244149
2238
92208
80288
79170
289524
287106
208359
216273
261085
88979
97836
291002
267353
205315
275360
207428
93722
216406
241625
87401
95573
110944
223807
236265
99014
252295
102927
225654
279735
292874
293650
94280
228490
96792
218399
267482
74857
242475
56347
108072
205516
253354
241513
84341
84189
93292
228045
106770
108918
100806
212518
260291
268595
99795
111154
61357
205271
76887
260990
79375
284407
69213
262877
270483
83749
276566
229559
51401
278271
267200
212202
94306
80533
260157
99828
236081
285345
272279
81695
213564
241385
230156
106385
90500
286860
267776
79403
74587
253741
72776
254055
251457
70625
39257
249487
107193
277914
58128
71003
91922
67715
241642
209608
101724
225095
74291
106796
242381
65057
280190
276011
294007
83701
234483
231884
279826
218547
256141
245158
286276
252796
252386
53261
258161
87605
270130
265174
276243
237455
234892
267407
280139
56796
243441
274636
257706
112309
65055
113021
102048
291441
213958
270890
274190
98282
248846
101670
289812
82618
209188
90203
210269
101190
223087
246335
258257
278728
94984
82610
257919
103878
51879
260690
250459
209158
61635
265234
292413
109555
105319
247037
233406
74958
211509
99455
71811
97641
268745
256583
263360
219686
285979
243024
111619
251053
230223
69709
110591
260627
88690
68490
108024
269822
99504
73244
99159
268299
261555
283826
1257
272471
229650
284632
112395
215928
267156
96394
1074
101303
235589
108908
85874
202742
223465
224776
214681
233015
200214
286838
218503
223659
276470
250812
243869
234870
69152
112124
266830
294268
103840
274797
223547
68614
54375
289624
277295
108858
101302
212785
286241
292985
67396
256061
206261
263054
247371
271706
259649
258923
291513
294968
96119
220847
224562
290609
220604
103673
291020
280484
103192
56677
280717
288952
50171
66363
286917
235025
232016
273600
225790
223008
275987
272687
82255
296045
235590
98475
96795
215930
206082
290970
203851
275805
292375
261195
62293
92045
239759
91651
54049
207990
294776
251848
109804
92746
290300
275402
254482
62123
276159
259001
255423
71022
205861
284253
103169
89380
77397
69184
39959
81203
277911
266561
226529
225518
219771
243507
291464
261735
229828
271931
95172
291545
77415
205432
110133
238515
233814
281899
293738
56790
102540
90037
231743
293684
74173
279040
291860
226770
203111
276144
285575
75487
91772
271246
96527
202546
251514
294647
76395
274830
72538
292752
211473
242376
112163
292189
213949
69785
215880
223021
265196
213315
276931
67672
292899
278990
288550
244863
282530
83165
210521
291898
260272
256295
290642
272223
267237
263227
280445
285852
251360
222431
257687
216155
216669
232406
293439
274469
96813
215442
81423
244652
70171
270267
289989
209659
248147
243068
56282
265328
200951
294283
112385
98006
76769
285244
98382
291878
263973
261206
71206
245595
205117
16864
285802
252153
285084
277534
68692
101230
241024
94782
212490
99164
250439
109609
39830
205935
289778
295279
266088
108361
267256
87929
258895
264228
275556
237048
265980
256763
293404
241965
205220
237714
286489
98763
103951
291547
291255
293220
265443
232602
211797
292259
278111
273663
289411
203344
281709
63667
267491
92205
109452
104343
209097
57592
210255
234194
277450
252171
201585
107459
275388
292950
205059
83450
200683
264178
279831
55805
273700
267825
213914
230103
293361
80293
84727
268209
211319
227826
258319
222390
252175
226792
242764
275944
109756
291107
206686
268887
265227
201383
226530
253625
226430
278362
273829
216186
225947
264298
95475
71298
97514
283922
270672
275267
275024
230512
290246
244633
269085
205622
275111
283009
220709
97607
53706
89880
273266
80231
55124
292261
295746
266774
272898
230295
243822
52334
228119
244598
281311
54605
248133
279928
83968
226091
282624
263343
289067
293096
100982
294171
203721
208141
277331
208304
106206
236200
255832
279319
223207
235296
91688
89224
214415
111987
7411
218155
217953
105397
245398
110604
60573
245993
111645
99333
279039
107564
260215
279045
212375
97856
112468
262874
228154
80427
200631
284549
233525
109852
207223
207997
55006
90296
290250
206021
294758
109818
215124
243423
227490
76788
200959
286337
54902
269267
70219
257733
226390
853
213462
50978
108697
73523
286386
232181
214997
75283
211854
99050
277821
235724
99565
225317
104687
295033
289011
239721
252811
232797
65502
211481
270525
288034
293323
296160
200535
219384
292291
290421
237450
218333
291905
292680
267108
276150
274659
225751
294874
276392
209937
237341
215738
294669
89997
105378
272750
222330
106732
68923
290895
294738
208376
70125
55793
93703
293171
293685
222841
200762
243921
67416
268966
201953
201758
206825
288990
211044
97777
293191
289578
65373
277416
200116
263883
264227
255685
59675
292025
281663
78286
224472
78509
97573
290896
113255
277887
96209
213551
256480
91662
208797
211952
214276
229867
75532
208208
75805
295611
256578
223217
204340
291256
62997
112116
227012
91327
201561
108180
272198
91612
255280
215932
56040
284146
109679
53115
60032
106073
70444
212291
266944
203297
294014
223533
91685
294126
253778
283191
228801
240689
216020
248576
280625
280849
289161
203339
281666
274338
273442
263711
223428
245322
111547
283513
243250
285818
245979
287084
223188
59874
221419
206119
97234
266283
103641
50433
268829
254859
294411
205418
201629
108614
286277
261497
211917
66635
294064
269736
266955
211014
85145
233193
108376
213813
81678
263043
84849
288865
263136
278688
270471
278016
231461
78173
291355
69367
111744
84463
233202
58491
4913
292007
237698
102308
252344
112356
87636
201551
103194
260110
201942
242597
294984
274743
84845
85902
270026
215910
236570
281178
263549
288810
237699
272463
231365
85110
294248
249727
288160
290358
211441
92846
273959
203159
107792
201173
287666
243404
200689
101731
259232
96042
296468
269176
59558
276287
254782
270665
277998
206758
82689
205760
215490
257324
281135
291977
207075
206434
293409
263988
222498
291265
239981
279412
288210
214568
82072
202460
284859
252767
206597
218042
63302
278892
105099
93662
242806
241842
293419
38135
201658
240531
286266
231770
244176
292157
290885
293287
228060
111657
216724
219195
265896
253710
252886
254431
204672
229276
222289
223006
200885
252326
215535
255684
245859
270023
271841
230366
288507
10231
250326
39109
241587
78045
73989
63625
221078
292790
84825
201815
233827
285187
226972
294143
97253
108039
203598
294775
260311
287331
95048
272971
234241
269019
209246
294630
227403
84599
273507
85557
77695
73671
222371
206588
211320
234201
279451
223846
292239
215378
243529
265646
293355
101173
272556
276347
273652
90894
292809
258484
292208
90361
217455
111540
258300
272532
242471
105164
267028
241738
102063
287441
292796
62716
99395
223946
277755
293363
275657
91525
205062
205753
106786
89247
65257
218793
249683
92877
269772
91522
229441
223591
89573
82893
226340
215772
108872
259814
104406
280439
244662
253107
240908
91395
72130
248732
227714
92646
220741
279275
80406
104096
224959
219986
80785
251132
95169
261713
106124
291755
232976
213885
293059
219016
292983
285028
285946
253381
207108
266656
294023
66146
108759
276761
289760
291984
220087
253051
109368
223028
273071
95902
213631
70234
247146
287057
274608
225090
109795
239171
246923
109639
252949
283311
211867
102000
249338
53126
292169
85136
63351
281791
65009
54632
108221
77252
266812
252480
88439
243227
226987
104543
260981
218578
232902
287502
65326
294812
79734
235482
94699
50524
106370
226061
64540
51614
204628
227709
254791
261596
65660
86213
223189
52258
223012
77105
247777
200627
206822
234472
75585
76882
54975
221822
84000
252393
64703
62513
100335
289748
230313
97105
207036
206182
252983
71379
266940
286491
51529
289652
219103
207576
96768
66565
224616
99770
267904
89216
98460
259337
225814
271617
91024
226224
283661
98532
53062
67839
219538
63204
240556
240049
80880
266129
100749
101663
54147
262278
216572
218851
235381
54726
90754
257046
97115
261999
63512
89443
59636
68993
264344
271499
222389
238011
213511
87300
202482
244061
83028
262090
54002
72216
99780
103385
234557
221981
267238
57889
86816
288052
291320
203509
289380
55396
223771
101351
84924
200379
92636
77455
112256
256209
56601
101917
243703
78072
226924
99723
2225
269876
206306
285108
216430
229202
219807
226812
252664
54719
63085
98525
79410
109299
65911
51543
4685
77564
82924
57123
272126
85071
253141
66613
241212
264436
103493
233977
233572
268953
63848
54306
289315
86934
206428
230960
61451
52122
106610
244089
258711
230290
282219
3397
209154
209153
92635
209555
101903
63849
64594
236535
56785
64386
56587
280401
65751
40340
107479
106978
286754
235069
89823
276412
217492
2544
696
58036
64454
221030
71805
54056
83139
94627
201308
75781
112335
252774
54118
238735
238757
264937
65385
78996
294618
39992
288542
265681
251295
88578
277626
200151
269999
238924
211947
211168
296642
78332
1493
97235
226393
112940
285937
97333
290449
62148
77597
238081
206513
69676
280633
266750
233896
99668
101272
217803
105247
247064
216439
112520
217015
215259
268783
240353
102402
282989
216504
111929
218808
286225
102904
93031
211300
245949
92702
217802
285039
223488
234593
76972
274070
109200
211458
229342
239851
58231
220510
232042
96825
279848
247033
202725
272753
270560
255957
292449
79003
87846
93387
3584
268541
100844
246180
294237
105477
104120
67681
84032
202089
69755
218868
96647
112078
240119
89393
111819
63659
254881
107643
68605
207483
97660
212666
86650
264725
98007
292061
200078
213201
57035
88436
81478
211105
88301
252499
245800
261967
108809
247830
100083
294325
258088
63018
288883
108547
93121
52169
282645
257745
281767
228960
281312
283011
290161
254498
236963
250962
284993
64718
258787
293178
56586
273231
212842
256641
224073
211725
226941
290371
52223
81307
226117
99513
235003
240138
85095
103852
210986
76057
39929
256692
200073
236649
229955
68698
214749
251166
285774
112659
228651
264856
64094
108736
293586
232577
104922
63852
925
52791
235403
291151
203604
215953
226632
83610
59243
267857
107905
208092
71394
96733
68293
255634
265336
290752
96021
235130
284232
218023
236695
262243
238850
222973
238524
217391
73257
265700
238041
50148
200113
55387
265138
236154
231110
205349
63251
295179
64721
65023
101239
257065
83163
109008
244678
259194
82868
74586
283292
50918
103404
111181
76902
54480
267882
51173
255442
200270
54092
219650
2059
200680
270610
242966
62332
62449
69018
209197
235758
69660
265915
275720
206752
224268
216824
105488
89204
278205
101446
71052
271483
287805
221942
258150
55371
208426
54289
285216
203807
110224
231828
291245
263367
262880
241222
264425
246863
63258
88594
110383
288060
283449
206239
108672
246137
235029
236766
204379
274221
281464
283619
286718
243538
70877
239650
243673
246287
97994
87841
103487
233756
6934
294193
224857
212089
84064
107917
51825
288919
272413
270578
223467
103495
282805
222124
282656
102818
71007
201418
219286
93057
96724
88947
62609
65435
105474
66225
107074
50083
111697
226751
222345
206774
82792
247102
284661
85479
73454
81154
240900
111785
236029
202312
259969
251666
82200
62242
255495
217681
61967
99966
85821
260504
79481
249070
206656
287993
202479
11224
53256
66108
293510
96538
284536
213153
202676
235422
287861
224053
67756
100270
81016
295650
279215
65863
282177
246317
274852
290457
202848
230320
91795
200169
112320
265512
222316
217596
68476
219322
222355
55647
55430
223337
235520
102479
252404
296406
714
249505
81129
106497
257336
213637
236413
206187
81380
293244
247839
212861
104998
294416
233452
55476
213961
204607
218936
241255
113154
89946
213423
241223
206325
242341
204057
260935
98491
105930
211787
203998
291726
225179
101973
90101
72918
200994
90986
220803
57723
75640
282738
223443
265613
89474
227322
67889
222597
86695
230606
276985
67535
264821
76568
224698
230760
262284
227576
229645
57025
207345
229703
54710
266734
218991
90265
220143
93351
283257
272411
55447
85213
211639
206592
259359
86193
268586
64537
225754
254334
260689
293809
105832
225200
272651
203306
207342
227459
294691
281898
249800
210251
229189
62349
280032
256332
279650
87088
273333
210066
78155
107287
277653
92520
214730
218283
52781
230841
99893
241487
226645
274060
231055
99402
211708
273845
69505
248067
241124
58529
237390
85812
283415
267969
209263
202879
101135
52261
50919
225896
58821
77971
225010
74099
111728
222968
295493
222967
72689
82417
82279
69237
89263
90314
268201
97882
257223
109760
292860
275214
285005
244824
227649
102851
95204
77520
92984
96550
212276
63613
230544
275482
290853
202829
205175
85139
200982
112137
106177
94929
87518
225350
207828
99712
39928
107755
87838
207042
73445
111535
50613
205493
103824
235908
234280
100823
258902
80530
271372
55311
269303
211222
243305
236245
112059
209451
268735
279227
224337
54293
264331
72399
214440
215935
59018
106377
243932
258110
216403
100553
108098
101146
53208
289396
232011
290807
215503
286857
272270
282595
55033
280338
68841
51135
98907
261753
239553
282771
210847
291596
76345
72881
98878
69834
85705
95006
99779
74077
201895
39854
92529
238179
103113
79604
226937
88429
83969
72864
1094
39355
294032
270960
286364
218315
256750
286232
87268
222045
99931
207692
84836
291730
204629
274533
235776
295748
232848
86063
54777
221609
285419
215127
204039
68304
55420
232621
292957
77164
222315
201767
205026
86653
282416
215501
206632
106203
75206
55335
239822
200530
52758
252415
18881
290283
100036
100862
95355
39418
93835
227609
201735
55373
112635
232187
233526
88624
246034
259424
101106
259041
246096
246089
246091
246092
246033
246093
246095
259040
204613
207530
247463
39503
220332
98484
240687
82434
239901
53382
83959
96463
231679
292743
96709
94169
92193
293949
77858
39087
277068
232677
103763
59913
56962
285491
51826
277468
51089
206695
261305
209839
70726
282392
238641
243522
62391
265722
295804
103948
101021
282334
268061
286667
273479
239550
112542
212258
282140
237457
87528
242014
247931
72771
228375
268882
68650
936
232388
227040
286356
282977
57559
234166
266753
233566
222935
73066
208565
101379
275559
51887
202217
294994
69821
292265
294996
204365
240495
52989
213183
210794
207892
206743
211055
258537
222108
103780
82925
85973
33
241356
92447
68831
282766
291605
91703
70440
111636
96584
226219
77271
225585
75130
1973
69267
101991
205098
104478
75828
286285
235820
207484
293415
74362
54774
103961
220373
112095
207077
260928
288888
113155
214646
111884
83290
214863
208973
245222
76768
73188
223972
290027
233710
72227
273194
208829
99033
111848
221788
12339
281727
234361
264826
246228
70397
96961
247920
81315
245379
106106
246003
256188
109484
261639
84127
288263
207813
274142
270802
229239
58232
237612
221128
60090
203182
84362
235330
265791
90218
96536
209837
239964
99869
95217
224389
100262
112665
200527
1596
224395
224432
204671
224390
266463
241395
228345
237638
74670
261752
206559
257655
257584
62491
267719
38200
224223
265103
237346
242623
279662
80226
204122
289289
207307
252521
243289
58176
227721
288526
65200
295313
208140
288617
83227
235887
212671
90780
50728
2721
221949
83363
221920
214429
92660
87173
102435
288880
223159
55302
7617
212150
227677
284652
292621
268117
200674
264854
239871
290256
97148
280031
265156
252104
215727
243269
212345
264984
271301
211062
102881
88561
286906
293367
277987
237245
230674
108572
245056
75811
277181
273283
53446
285436
283298
219791
104001
108252
58084
280729
207161
231806
55296
219380
100919
234787
255401
72734
283919
232451
221919
67433
231498
9720
253805
61200
215632
70220
261126
287401
262376